0,LoopTestTime,253,2021-07-30_21-14
0,LoopTime,646,2021-07-30_21-14
0,TestTime,201,2021-07-30_21-14
1,LoopTestTime,253
1,LoopTime,646
1,TestTime,202
2,LoopTestTime,253
2,LoopTime,646
2,TestTime,202
3,LoopTestTime,253
3,LoopTime,646
3,TestTime,202
4,LoopTestTime,253
4,LoopTime,646
4,TestTime,201
5,LoopTestTime,253
5,LoopTime,646
5,TestTime,202
6,LoopTestTime,253
6,LoopTime,646
6,TestTime,202
7,LoopTestTime,253
7,LoopTime,646
7,TestTime,202
8,LoopTestTime,253
8,LoopTime,647
8,TestTime,202
9,LoopTestTime,253
9,LoopTime,646
9,TestTime,201
10,LoopTestTime,255
10,LoopTime,649
10,TestTime,202
11,LoopTestTime,255
11,LoopTime,649
11,TestTime,202
12,LoopTestTime,255
12,LoopTime,649
12,TestTime,202
13,LoopTestTime,255
13,LoopTime,650
13,TestTime,201
14,LoopTestTime,255
14,LoopTime,649
14,TestTime,202
15,LoopTestTime,255
15,LoopTime,649
15,TestTime,202
16,LoopTestTime,255
16,LoopTime,649
16,TestTime,202
17,LoopTestTime,255
17,LoopTime,649
17,TestTime,202
18,LoopTestTime,255
18,LoopTime,650
18,TestTime,201
19,LoopTestTime,255
19,LoopTime,649
19,TestTime,202
20,LoopTestTime,255
20,LoopTime,649
20,TestTime,202
21,LoopTestTime,255
21,LoopTime,649
21,TestTime,202
22,LoopTestTime,255
22,LoopTime,650
22,TestTime,201
23,LoopTestTime,255
23,LoopTime,649
23,TestTime,201
24,LoopTestTime,255
24,LoopTime,649
24,TestTime,202
25,LoopTestTime,255
25,LoopTime,649
25,TestTime,202
26,LoopTestTime,255
26,LoopTime,649
26,TestTime,202
27,LoopTestTime,255
27,LoopTime,650
27,TestTime,201
28,LoopTestTime,255
28,LoopTime,649
28,TestTime,202
29,LoopTestTime,254
29,LoopTime,649
29,TestTime,202
30,LoopTestTime,255
30,LoopTime,649
30,TestTime,202
31,LoopTestTime,255
31,LoopTime,649
31,TestTime,202
32,LoopTestTime,255
32,LoopTime,650
32,TestTime,201
33,LoopTestTime,255
33,LoopTime,649
33,TestTime,202
34,LoopTestTime,255
34,LoopTime,649
34,TestTime,202
35,LoopTestTime,255
35,LoopTime,649
35,TestTime,202
36,LoopTestTime,255
36,LoopTime,649
36,TestTime,202
37,LoopTestTime,255
37,LoopTime,650
37,TestTime,201
38,LoopTestTime,255
38,LoopTime,649
38,TestTime,202
39,LoopTestTime,255
39,LoopTime,649
39,TestTime,202
40,LoopTestTime,255
40,LoopTime,649
40,TestTime,202
41,LoopTestTime,255
41,LoopTime,650
41,TestTime,201
42,LoopTestTime,255
42,LoopTime,649
42,TestTime,201
43,LoopTestTime,255
43,LoopTime,649
43,TestTime,202
44,LoopTestTime,255
44,LoopTime,649
44,TestTime,202
45,LoopTestTime,255
45,LoopTime,649
45,TestTime,202
46,LoopTestTime,255
46,LoopTime,650
46,TestTime,201
47,LoopTestTime,255
47,LoopTime,649
47,TestTime,202
48,LoopTestTime,254
48,LoopTime,649
48,TestTime,202
49,LoopTestTime,255
49,LoopTime,649
49,TestTime,202
50,LoopTestTime,255
50,LoopTime,649
50,TestTime,202
51,LoopTestTime,255
51,LoopTime,650
51,TestTime,201
52,LoopTestTime,255
52,LoopTime,649
52,TestTime,202
53,LoopTestTime,255
53,LoopTime,649
53,TestTime,202
54,LoopTestTime,255
54,LoopTime,649
54,TestTime,202
55,LoopTestTime,255
55,LoopTime,650
55,TestTime,202
56,LoopTestTime,255
56,LoopTime,649
56,TestTime,201
57,LoopTestTime,255
57,LoopTime,649
57,TestTime,202
58,LoopTestTime,255
58,LoopTime,649
58,TestTime,202
59,LoopTestTime,255
59,LoopTime,649
59,TestTime,202
60,LoopTestTime,255
60,LoopTime,650
60,TestTime,201
